6114
4790
6977
2574
951
5843
5729
5468
7662
5259
2614
2520
2466
9038
5697
2196
4321
1750
5230
5540
8178
5377
4683
6879
6373
4976
1003
292
5478
1331
7984
1552
1589
7090
6259
5722
5001
5038
3725
1811
5601
1373
2204
2469
3762
4116
1268
7130
3641
7159
2276
876
4813
8057
6905
6849
9008
7499
2172
2983
3097
8428
4519
8869
4611
2990
815
1422
2054
3150
5927
8941
6127
2404
8724
3071
3837
8457
4452
5604
3834
824
8499
5719
9306
3460
6922
5644
1262
357
2366
7976
4634
8676
769
6178
266
2543
4669
1550
3855
3840
307
366
3199
5436
5869
305
8630
6458
7064
7946
1484
3986
1940
5237
5233
5619
6835
4643
8458
8443
823
2544
3494
8647
4356
7467
8767
4754
7820
7607
6961
4689
6952
7890
6183
2
4579
8548
2770
1603
1942
8014
6727
4474
8194
7418
9569
8798
2799
6930
355
1967
3442
6095
4635
3755
2742
9473
6084
7994
5249
8711
6090
2683
9050
5986
5616
9492
9482
9079
2099
7115
8516
5140
5581
5208
9099
6716
1950
528
6670
4351
8282
7154
1549
1474
5252
1613
4102
3602
8401
6240
5194
6762
5819
2675
2579
378
2073
6910
1349
4199
8475
5623
5371
6786
6581
3378
799
4808
4081
1044
4893
4967
3786
8374
3671
7151
1848
8138
8009
7942
2925
4150
1167
6631
329
682
7691
3728
8270
1144
2150
3991
3523
1585
2598
7502
2391
3950
1987
6912
6180
944
2951
5305
8254
8367
3035
2601
4371
8954
8416
2760
4430
551
4921
7900
8267
948
6655
4028
4429
1540
3107
3882
4533
2828
7366
936
6086
981
2149
6920
8118
6091
1334
7131
3308
5628
5873
9413
296
6473
7711
8402
7520
6256
5782
2538
1748
947
3890
972
761
2864
5205
1084
8814
2130
4702
9550
3682
7192
8841
4343
5851
7985
3133
3957
4086
4606
5121
4391
4096
8445
7866
524
8624
4620
7372
3311
3809
4959
862
9018
8362
7566
494
6723
3689
3300
8359
4587
6462
9497
2255
6210
5163
6818
4548
1048
360
1770
99
8718
7388
5056
629
3057
8407
4194
4225
5839
8797
3499
5049
7105
4911
2736
2224
2866
2254
5924
8522
6024
8890
2426
8453
7108
7821
1354
6756
2486
8400
1283
8943
4654
8854
899
2494
935
8751
2498
4173
264
5416
8729
8125
5736
2954
384
4433
4487
5100
7453
8936
3737
3274
6285
7686
3659
4668
5291
5262
3675
8427
2894
7169
7982
7713
7479
3583
2535
4897
7361
9494
3505
4114
6942
2297
855
3339
4995
4581
8314
1615
6975
5322
8172
5708
3780
6613
1564
4291
6921
6228
3987
7396
838
7421
2817
7685
6575
2292
9041
8173
2089
7565
1928
5366
6188
3686
5646
3653
7245
3871
5685
4232
2155
7932
9507
3549
5696
3908
7300
703
7411
2413
1161
2428
81
7692
5994
8659
3541
7545
9177
6447
8882
7898
2153
1021
6339
4396
9437
6711
1165
8005
3406
7983
6070
8720
1429
807
6208
5068
2705
361
9011
2971
5376
7782
8044
4607
785
8916
8350
537
8871
6028
1914
8032
1401
4106
8756
7517
7798
2534
4700
9584
5089
9202
4516
3246
3880
3876
6726
9549
6648
2078
7742
722
3861
8482
2474
2288
8486
6721
6249
4997
369
4477
4198
8264
5333
3632
9083
5621
2010
7010
1142
7299
5285
5257
5607
6933
8352
7487
9568
3621
8848
6151
8663
4618
7951
8661
5586
8664
8455
3792
7104
4029
3865
1998
4483
4169
2816
8089
2007
2881
5903
852
1927
611
8849
3772
2354
5801
4734
4292
6246
4613
7216
5082
6498
7656
6601
3331
7367
1205
6328
5613
7613
6005
701
4231
4000
4919
1092
7102
3953
6503
5893
7126
8505
3956
3820
6844
6572
8600
5611
3654
8337
4168
7988
5572
289
5779
9480
6743
3000
9315
5964
9308
2450
4766
5702
9588
3852
1462
6824
627
9095
4024
5553
2963
5863
7455
2067
9448
2711
7316
6236
4370
3019
5215
8469
6269
1470
989
3788
2278
3676
5040
3720
4882
4335
1159
7332
2117
642
4826
3672
2698
3117
4107
6148
9100
5046
5309
1784
8552
1001
8000
3751
6136
3847
2656
4350
2024
5536
2242
8716
8691
4636
3645
5526
5179
5582
8160
4420
7990
2699
7501
7122
3192
8971
6850
8832
3710
7852
1869
4363
9464
4222
8479
7819
2050
3812
3766
8537
3079
3269
6467
7670
9265
4115
6297
2943
5213
6463
3796
2939
6968
2305
7490
9314
1180
385
3744
5074
8168
4658
6564
6597
3596
2375
7896
544
8438
1631
6194
6441
2120
2163
6516
4375
1667
3669
308
8203
6193
5817
9213
6567
2852
3781
5721
614
6584
8864
2712
966
9452
7199
6365
5176
3929
5191
6167
5807
9014
3823
2148
6382
2110
9061
6230
5872
1752
2982
7390
6487
1642
5043
1580
3925
3344
2907
1554
4299
2431
9297
3239
3010
1509
8544
2075
4798
8902
5424
4044
7936
6290
849
7524
8974
4849
9188
9154
8056
9298
1905
2055
7858
1698
919
6088
5958
7680
4347
4424
4255
2841
6757
1673
6874
7241
3170
5466
4020
8919
5751
1728
2311
7775
8764
5547
3743
8023
3507
3585
5780
3818
4546
7409
3787
5423
6736
8878
3191
1444
5096
1090
8206
9157
2756
2953
9332
8953
1978
1789
2065
3426
5231
8135
9471
6647
4480
1024
9603
8220
3849
5451
2690
9112
9146
2826
3941
9590
1028
5486
8144
6326
7451
96
4872
844
8929
1039
7323
4915
6040
6146
6884
2628
8835
7492
3642
2200
5968
7287
3509
4161
1979
1432
1650
3501
3940
8715
5718
1919
4079
8077
6706
9566
368
3364
1850
5992
2470
6085
2023
2167
2998
6696
2815
5437
5190
8208
872
5919
1140
4531
1054
6645
6474
6546
1965
7986
6658
5577
1005
6988
5211
7975
7684
3009
6547
4772
4500
7722
9415
3678
4156
8698
6036
5184
7556
7370
3490
3248
6310
2877
8252
4714
9420
3870
1601
1737
6937
6279
5624
3948
1721
3125
6126
1706
4068
9439
2444
6385
4732
6264
1712
6763
1364
6574
3590
9558
7209
1991
1889
8354
3668
3906
4717
2234
2190
8142
8614
2344
4016
900
4508
4229
5528
9009
9478
6897
1197
7772
1063
6675
4052
6293
8304
3644
2369
2617
1912
7357
2546
2264
6568
3587
6488
9059
1338
4193
4268
6886
5396
1359
1079
8012
3701
4691
1141
1329
7060
6450
6609
2238
3588
3584
4806
1480
4926
3291
7553
4087
6847
7179
8365
4113
8104
4334
4438
8928
9586
1640
6390
7392
4285
927
6962
8002
6747
5047
9504
3315
2519
2510
398
7716
1233
2641
1732
5568
2266
4745
4237
6540
8257
3226
4281
5885
3059
4118
7743
8321
4759
6478
8187
2615
1326
2901
7362
9330
9591
3016
6313
2670
1127
1060
1807
2348
1017
8912
8917
3558
8886
1885
5073
7981
5923
3975
4280
2169
3222
1930
9021
7532
5107
6023
4938
2868
7444
5656
8221
5737
8042
8357
4534
2886
1859
3444
6355
2729
7095
4121
3414
7967
7675
9577
3763
4939
5575
2718
1035
5835
3361
4220
3184
4293
3027
3329
1881
1182
7648
4685
411
5726
8004
7483
7542
3267
2083
1454
316
4030
3065
256
5200
7926
8106
3337
7980
8706
7525
8073
5225
5703
8962
5535
7558
8759
5400
3993
3148
3502
5977
3581
5427
3850
3106
2759
2253
4757
1541
4994
1531
5274
3797
5458
8082
4014
2607
1671
314
7908
5165
1274
6683
6094
2808
7620
7055
1805
877
2822
9027
1113
6181
4257
3135
6793
8935
971
2342
1759
9289
5392
2761
949
6885
7082
2433
5949
4752
4267
1193
879
4928
3085
2795
1169
3440
1994
3203
1171
1353
4724
4978
2418
7343
1688
9030
2937
2946
6531
1031
1184
5021
5028
4236
7008
5701
3914
1865
842
1129
859
6000
2062
1367
244
5210
2206
1124
5119
5425
1717
1243
7026
1738
1725
2584
7069
6707
6069
9084
960
2379
7012
4495
6158
5136
2464
3802
8154
2008
786
3242
9556
5431
8836
2210
6209
5715
9197
7756
7468
9087
4709
5037
6697
9102
8853
3548
1934
2947
8963
866
2047
4240
1542
9318
7677
991
2844
7934
9498
776
2887
8485
8225
5086
1636
1121
3895
7344
2262
6271
5003
5146
8404
3219
5306
372
1714
339
2041
2647
2287
8283
6323
3279
1931
2521
808
3470
6056
6935
4203
4707
8747
5091
3156
3704
7164
8376
5643
8101
4092
2732
7071
857
4956
1341
8048
1074
4866
2840
5023
7920
2482
1111
1082
4623
4831
6542
3468
8460
789
8296
5996
8412
4462
7779
4528
5217
6599
2249
6815
2720
8140
3330
3319
1660
8222
4165
7137
1333
1610
943
4644
2929
2408
4573
323
1466
8553
348
6298
8757
4876
6261
2113
2944
7706
268
7642
1745
6116
6694
2016
5112
2492
7135
9320
7853
5406
1657
988
4715
8095
7928
5412
4026
7099
7118
9174
4899
8079
7567
2000
1534
8478
4397
7111
6110
6324
5570
1906
8894
6529
7068
8977
8818
1981
1176
6765
6481
2587
4565
5720
5841
6061
8055
1186
7211
2316
4067
7646
6744
6140
2588
5474
1555
3286
7491
8258
2142
6254
9510
8986
5166
9412
2927
3575
6836
2286
7150
3972
6866
5490
9479
8030
8880
7910
295
958
3412
1655
5328
9511
7406
7659
9068
7778
3450
7810
5035
6592
7762
9514
8315
4688
4244
7495
6636
9548
5390
5973
9215
3924
2724
6662
4641
8128
8078
1318
6566
6058
5059
3454
4862
9462
4649
3839
6665
100
2165
1223
3599
925
2039
8874
7203
2933
8827
3504
2539
8707
8062
8612
835
7703
6456
4159
5878
7960
4945
7552
2727
7331
1026
5749
6853
5455
9158
901
1191
2902
7609
6573
8518
5569
3276
3039
7654
4802
5348
7046
3734
5727
5344
6179
5584
4201
7738
7864
6477
1989
6396
5196
7546
8561
4674
1091
5206
8133
7232
4008
5691
3559
1108
278
3756
7958
9567
9488
2299
2009
5439
2331
3658
1494
8126
4176
5818
7302
3535
8007
4284
1045
4047
7496
3464
4007
5484
7827
1883
8509
3020
8375
7548
5829
3964
3031
9596
791
775
5430
7424
4792
7564
7859
6066
1018
8862
9447
2385
8995
7431
6068
5383
3211
4816
1682
4435
4711
7402
4974
5255
6812
3703
7003
8123
2357
695
4692
5421
3521
3922
794
7868
9186
8420
9310
9321
5583
8492
9422
3764
8965
7364
4784
4650
7617
2504
8488
3373
8201
5811
5083
1705
5907
1829
8796
2321
2553
8636
7386
2593
841
8262
1694
8930
6664
6174
7279
2921
803
2057
7840
9417
6374
4252
5653
2576
2063
3244
4625
1913
2514
3591
400
7298
5232
5030
2116
5480
9421
6292
7489
3190
6889
4394
4277
5665
6807
4406
1922
1718
5687
4323
3733
2296
906
909
5781
6018
5401
8693
4667
4706
9423
1049
1786
747
2581
4626
7845
4104
5441
7949
6947
1098
2719
2333
6561
5655
5027
6286
5649
1929
5918
2035
1548
5783
5050
4511
5731
6059
4713
5326
1507
7916
4204
3430
7857
6643
2220
1959
7793
1907
1762
5482
6332
2803
8508
9425
8440
7083
8299
1845
814
7255
2701
7693
9455
4870
8466
8606
1009
6004
5375
1460
5304
8839
5039
1546
6449
7515
1619
6523
3500
4250
3651
2626
5902
6817
1877
1815
2452
4912
1062
942
1458
7882
7297
6764
4536
7312
5813
8345
1535
4857
7736
7575
2704
5921
7002
5847
7028
2232
2157
8876
3112
3404
6119
5555
5185
2302
7723
5364
4358
6344
9071
4393
6362
4922
9066
4259
8284
5857
6294
1170
7672
7427
1371
5320
6052
4320
6583
5871
2370
3251
2567
6277
6130
324
7452
2273
9073
5678
7239
2745
1923
8152
4342
7474
7861
7120
1126
4361
7403
6078
8700
2965
9516
4302
984
5126
7849
3758
6901
7830
7177
1249
4341
868
6800
4411
1229
9583
407
7507
5573
3233
7394
2244
4368
4837
3168
9053
5713
2005
7538
7176
7844
5009
5124
3263
8969
2977
5775
2919
8413
3666
1569
7079
1674
317
8743
9559
2726
2281
8504
6336
8109
1570
4735
2093
1887
1146
6891
3525
3428
6916
6637
8287
6801
4181
5394
4463
3539
6585
1665
9105
5075
7807
9208
5608
4647
1296
7143
9323
2087
4896
1808
1120
3680
7835
3692
3198
8883
1257
3250
3249
1645
1306
9436
9199
6076
7322
4395
5631
1179
1847
4490
8066
9594
3322
8446
8353
4918
2680
6748
3384
8339
9348
2936
2722
8251
2979
5162
2685
6216
6653
8605
2314
2819
8119
2037
7430
1767
6434
6831
3167
9441
4675
967
8709
6176
7508
8893
8131
4276
4746
3627
3220
7931
8114
784
6239
3051
1571
780
6189
4238
2878
4830
7888
8975
6729
7144
5173
7081
7809
9430
7658
2506
6795
5187
6282
2580
4319
8502
1938
710
7464
4907
6253
5576
2530
1015
6560
7475
4243
3081
4100
3835
2766
7329
8301
5142
8985
1218
6483
4547
7929
7622
1077
8190
4780
796
3959
1281
6719
1247
7225
2731
7339
3420
3028
8892
5181
297
6525
4909
8610
4846
1622
6991
1741
7271
6672
3791
4346
2854
3235
2290
3665
4616
3304
3897
8601
2781
1383
3144
1345
9042
8910
4119
7112
2678
6827
4352
8271
2668
884
4185
953
6368
8281
3931
4408
2507
6021
2673
6840
7091
4331
6199
6165
2315
3224
5012
4796
2620
4863
8163
3891
2421
6688
7152
5420
4720
8363
9454
7220
2295
2677
3933
4856
5276
7768
2323
8231
2257
2824
5928
5638
5057
7744
5690
3336
809
6545
908
8122
4753
8424
3961
4270
7242
2377
684
2957
8618
7457
3928
7715
7623
6157
3606
1935
396
2402
6272
8993
5428
1472
6725
6012
514
9108
2356
2308
3053
2830
2767
7429
3538
6948
2097
2435
1056
916
3215
7005
2873
4697
9060
6792
2750
7341
3768
3474
8243
8356
8278
4162
5997
2349
7705
98
8268
2833
6266
3025
3622
7355
2476
4630
8532
1132
8633
4877
3904
7459
306
5238
8545
5979
1809
2634
3434
412
2336
8011
4337
5063
6577
72
3842
1960
5698
3618
7962
1916
6343
6160
4327
3609
3033
1962
5272
5362
3974
2935
2454
1821
9294
813
2861
7922
1298
6686
9564
2293
4146
4637
6074
4961
7530
6436
4955
9408
6046
4836
8685
5251
1496
6291
5777
1375
891
4698
2508
3002
3294
7195
2619
3994
4378
9529
1790
6524
1577
975
1802
4089
2558
6470
9326
6444
2064
1292
2283
6144
4914
7708
915
5899
9295
6699
3738
6875
979
2103
9022
6570
7124
3624
7342
4012
7636
1996
9048
5360
5122
3687
6987
5866
3262
9096
6803
6718
4043
1909
6689
3746
1080
6924
2364
6283
6953
2031
3400
5830
2309
2399
392
4930
9065
8597
760
7500
9469
6579
1515
1500
2931
6673
3719
7735
3630
7149
2949
9302
6621
912
3179
6678
1478
1964
9509
4018
938
8276
6960
9178
6212
5550
3177
6172
3472
8141
6629
2870
9107
6680
3478
7860
8224
6507
4853
9085
1933
3825
4736
5882
509
5261
3798
1067
4234
8646
1599
4036
3569
2392
641
8649
6837
8845
888
5632
6903
1604
7094
8279
4708
6389
4988
3382
4499
9472
4559
2523
8674
4640
9440
7618
4208
8888
4182
8528
7995
2115
5612
9319
7213
3955
3601
6882
6120
6097
4190
3770
6839
5602
3577
1501
6394
5978
6245
9490
5113
3707
3206
7733
1468
4307
2071
1464
8196
7086
6308
7707
5943
8703
2814
4425
698
9483
8978
6048
7472
9080
9560
5007
6300
5834
7436
2176
2059
1201
6428
8689
5652
8487
6502
8408
6829
8632
3757
8753
2618
6038
7513
3667
9207
7998
8121
7419
3164
8219
1452
9167
6868
9579
6093
5327
2045
2529
410
5947
6934
8159
7580
6536
7432
3338
6509
6873
9211
4034
9109
1381
6001
3978
2044
381
8193
597
7579
4241
8205
5988
3045
9418
1087
7114
4027
9581
8958
6551
8072
886
7746
7456
6155
3390
2001
6799
5095
4390
2856
2101
2710
1117
5669
2897
5152
3804
1710
6131
5145
4864
8107
8966
2552
7384
9451
8816
1102
6003
2915
2818
4665
6703
3394
3579
2017
1506
4642
8061
4828
6322
712
3564
3514
1696
513
473
4108
1824
4598
8255
6092
8733
9156
7661
6011
4525
3142
4466
1835
1365
1897
2985
7193
6182
7805
5870
2272
3303
6808
5705
6513
1704
4465
2496
3883
6638
8435
1701
1456
7632
5422
5707
6232
3174
6387
4392
6843
3498
6482
1562
7803
8611
8431
9159
4300
6867
6590
4186
1440
2136
8092
9170
3295
2662
8501
2294
288
622
8484
5674
5399
1765
8450
5972
5580
1926
6320
7783
5563
388
1672
9162
2378
4535
6759
3740
4888
2753
5567
2717
6082
2085
325
4764
895
8520
8957
7318
7554
1794
7171
4127
334
7446
8015
2347
8979
2793
6363
2566
8388
3723
6514
7407
5970
8348
7683
2462
1109
8411
3496
5956
2411
5671
1777
6289
300
1842
7914
8054
6079
6465
1133
3661
2137
4152
4589
4569
5042
7205
1271
8852
2955
7729
6995
5603
9424
2118
8188
5476
586
336
2317
7790
2666
1412
260
2820
2184
8433
2959
6026
8843
6214
3873
2515
5965
1033
1537
4315
1734
8599
825
5886
5355
8025
6811
1350
7059
3015
2801
5090
9449
8156
4889
2436
8616
380
4216
9193
8017
9597
612
3141
9525
1277
6305
4305
9537
887
1772
4957
3265
1669
8129
8277
4073
386
6959
5874
4264
5354
5861
5534
9204
5614
1517
1598
6909
4859
2271
2502
5381
1719
3829
8028
4681
3546
5008
5307
6128
2624
6267
3197
7153
1547
9194
4324
8556
4431
2406
5901
1252
3448
5072
2738
7851
2888
1255
9518
3889
7262
7237
7653
9465
1722
4763
7993
4608
7259
1322
7621
1761
291
5025
8686
2376
2194
8024
6737
3327
1361
8923
4496
5666
8377
3127
4458
3529
3615
2122
3278
9324
3272
9058
5219
3123
3866
6917
5004
705
6993
3255
1729
6893
2381
4122
7974
9012
3049
8100
2279
1228
8309
8875
2424
5359
3320
3946
4842
6704
1387
9063
8285
2030
8041
3386
3456
6053
1611
1724
7048
4136
9361
2503
1369
9218
2343
8312
5904
5010
3119
3075
3334
2248
8710
8297
1134
8310
9196
7578
6316
6317
1511
8409
3631
8289
3894
2484
301
6940
1011
4503
5384
4296
4442
5959
4609
8069
2081
6224
4540
8473
1875
1402
1618
7198
6357
5242
3104
7191
8662
7132
1061
1347
8124
1
3684
2384
6494
4513
2260
7218
2373
8931
8541
7244
346
71
4983
9070
773
80
3316
5858
3881
5855
5221
5881
9547
6352
8419
2860
7030
1386
751
7952
5812
5358
6651
7074
3360
6296
4851
7146
8155
6112
3343
1504
399
4077
8988
7417
7247
7138
3810
3926
7077
2258
798
7522
7829
8722
2596
6260
7991
2212
2472
4075
8922
4744
8108
2696
9169
4767
7106
5980
5743
3551
8324
8763
2895
2671
2834
8137
5556
5382
3694
2056
7097
6009
5098
4354
7948
2144
5260
5982
3115
8626
9163
2409
1116
7258
404
5223
2862
8176
5962
8449
1068
2909
2968
4555
4384
1245
616
5266
6552
4612
4282
6955
8558
5798
2437
9470
8019
8373
5044
882
3574
3004
5561
955
3859
3201
5559
7813
5853
5681
2885
5110
3353
362
1512
2251
4782
5728
4366
8551
6538
688
8519
9562
8956
2048
3024
3983
7977
2202
7894
2052
4491
5239
4524
2340
1879
655
5342
1327
3408
3930
3544
1225
7787
7671
5706
3283
8263
1731
8470
5831
8860
8323
4213
4367
4858
1355
9296
995
5158
8439
6511
4958
2359
1867
3795
6505
1125
9046
9160
3697
4037
7987
5134
7190
6062
7470
1798
1269
2335
8318
652
6990
6883
5856
4105
8300
6430
8980
6906
350
5084
8174
6108
8034
2080
6002
8456
5590
8938
2128
4756
8651
1136
7996
8091
4056
4741
3935
1831
8058
7202
8540
5752
6517
6354
929
6983
6945
3793
7032
6563
7301
5733
5419
2038
2125
8562
2642
6625
940
7054
5350
6544
2855
4968
4188
8670
8198
4407
6528
2420
8563
632
1372
7174
6939
6030
6999
3854
8436
3140
8913
644
7473
3700
3093
5808
4518
4841
8292
5998
7540
1857
3997
6257
8050
5414
1143
1782
2661
6010
4066
4470
7089
1644
2352
5606
7181
4884
4696
2764
8856
5875
7939
8217
5093
1606
8247
8684
3476
1312
5692
5054
9103
2684
7189
3824
3561
5447
5472
1984
3761
6113
1662
822
2825
1118
8560
1025
4298
6096
5117
596
3732
3018
5732
2891
9206
8731
3301
8060
5349
4925
4332
3282
3769
4750
9113
1104
7824
6908
8033
8113
699
1936
8640
4479
5794
3186
8604
1078
3253
7874
6500
7795
9598
637
1279
1403
2528
6814
6013
4738
4610
9312
6925
3635
7009
7785
2791
6275
7965
6234
3462
787
9508
3921
7052
9054
6825
3432
2555
7238
3176
4811
6122
6346
5712
5822
9416
5157
3362
7042
4737
7563
8697
8635
3422
811
3047
4206
5053
5663
8825
3981
1828
4885
1779
4003
3138
5951
5917
8968
6156
3827
4274
1050
4031
6132
7570
7870
4461
4140
1788
2393
276
7774
5658
9172
6611
8291
9496
97
6268
4903
7959
5551
7963
3527
6589
7557
6877
9531
5848
8506
8182
9316
4949
6109
8115
1583
6121
5013
6863
7694
3977
6691
7400
1646
8547
4771
4760
507
3289
9007
1336
3992
5453
3526
8891
5316
2214
9287
4148
965
1250
9210
3603
409
1966
8269
9544
4992
5103
2345
3101
3660
7664
2303
3646
4084
6075
7788
2605
6871
6976
3808
1561
4101
1221
8139
3944
6943
4901
8989
7764
3073
639
937
9463
8644
5668
6237
6820
5178
7704
5680
1774
3229
4776
4510
1411
8241
1681
2872
4628
8515
4200
5799
4379
8497
7997
6617
6485
4515
2329
2754
7655
4527
3608
8838
2682
4829
526
2594
393
3841
4322
5284
4984
7884
5618
1151
8741
469
4913
3860
3571
8490
6222
7935
9051
1986
6159
2879
1995
7207
4049
3912
9040
2999
7638
2591
4740
3572
1476
8305
7463
2250
2105
3210
1727
354
1792
2143
4054
2513
6996
7786
9381
2948
6927
1976
7828
6714
4761
3030
8507
4743
6243
696
2396
4768
8158
4416
1253
9181
7422
7957
270
898
4313
2807
5889
1145
5078
3626
2577
8951
6749
3398
5773
837
4094
9574
3236
7663
6055
2654
4652
2114
2961
7720
1226
7338
3351
5170
5920
7780
5270
6722
2691
4975
5999
9573
4815
4947
8454
5247
870
7447
5118
9029
5186
5031
3069
711
3607
6623
9446
1036
8641
5087
8414
280
7812
4751
8081
3243
5070
3970
1046
1328
2164
8259
5914
1932
2536
5445
650
3853
7912
1911
7156
298
1647
1684
7285
6881
6020
6966
4405
9075
7066
1944
2129
8991
1639
5538
5557
4033
7854
6186
6480
800
3012
5686
8360
6248
4325
2322
1608
5159
4923
3846
624
7165
7371
4454
3131
6284
4279
4219
4440
3800
7127
4935
5278
1508
7103
3306
1557
8075
472
3517
3815
2074
3136
3029
373
1199
1316
9093
2448
4733
8237
4212
8937
1086
7450
3714
8513
9500
1757
3396
8870
4338
7461
6603
1264
902
8462
1178
3693
5388
856
6388
5335
3519
6440
7808
8847
8029
6442
8735
8535
2236
6044
3600
7379
1917
4933
987
2602
6878
5826
5324
8102
6014
4414
9551
8372
6129
4460
4538
1206
6475
5562
5079
1937
6067
7398
4083
3899
2387
2751
7726
5859
7839
2653
1775
1310
4774
708
9203
7961
1630
1592
6077
2545
9209
930
2776
5189
7714
6796
1861
5845
4382
8500
6379
322
8546
3886
1414
2835
6956
2346
5102
2600
4963
1953
4376
3966
3716
8294
3784
7163
1106
7433
7328
9552
1052
1413
6923
2938
1202
3345
4218
7660
6634
4730
4639
7410
286
6733
5227
1834
8653
6794
2608
9056
9106
5174
8181
4832
2603
6750
4374
7219
8149
8534
6527
907
6907
8727
1766
5138
3511
7404
4286
4920
4879
4521
3690
2942
7668
1820
4042
8330
4710
4529
9317
1863
6486
6671
9545
1764
2562
2132
7954
7011
2187
6931
1335
3347
5960
8429
7050
3055
1943
5560
7142
2940
8099
1568
5175
2319
9467
7924
5347
4388
5909
6045
2527
5125
5229
3157
9519
848
4009
5172
3534
8512
5657
8723
3580
8150
7038
9216
8293
1703
4852
6499
7210
7477
9505
2135
1418
881
7619
2123
8378
8320
8432
6667
4061
3159
6860
1680
8898
3967
5990
2134
5288
9523
880
1072
6117
2669
2725
1918
8326
4345
6965
4986
5805
7466
7989
8239
7087
2069
7173
7576
4353
4132
6364
1955
4158
1502
4517
7145
2021
1969
6587
7128
6887
6342
4844
8895
1362
9072
4554
5308
6454
7698
4504
7560
7806
8087
7678
406
8325
6171
3377
4288
5880
2743
2813
6314
1686
8371
1573
2228
9481
6242
5906
4803
4980
5776
1348
3231
2956
7381
932
1096
1273
3652
4138
2572
7439
7469
4977
1433
5280
2532
4677
1781
6717
733
1594
4038
8868
5207
6220
5877
3162
3146
8065
3985
1308
8967
3237
5620
3214
1649
5052
7057
1687
3619
3175
3193
6732
7416
7161
8322
7630
5976
1533
7734
3836
6929
8080
5006
9589
4294
6790
2644
1416
5784
3712
8266
2991
1576
5609
7940
2633
7434
8008
3773
2226
5127
4142
4614
4878
5368
4373
7283
6083
3154
5627
5433
7147
2301
3566
980
1787
9587
3568
631
2028
8386
7727
4246
3366
8328
1163
6060
8307
4800
4317
9602
4929
4506
9503
4058
1641
3321
9176
8628
5952
3533
363
1628
5338
7236
8166
3446
7336
2351
340
512
1653
3077
4989
6446
2911
3988
4025
7758
9155
8451
6745
8620
1982
6349
4786
6768
6708
5378
595
8830
5803
3830
4934
2748
9305
7816
792
4473
7001
5565
7170
7053
7652
7363
5636
359
8167
5650
2811
2488
9152
3537
1212
4202
8748
8826
5796
5398
5156
3292
7802
6816
3520
985
9025
7476
779
4648
7183
8036
6936
1251
7488
1189
9445
2896
2777
6857
2551
8018
1112
6687
3182
7157
304
2338
1971
2772
633
6876
6856
8171
6134
4265
8037
9311
405
5983
5389
7415
6557
6656
2246
9484
1059
375
983
4794
4426
976
1242
4070
6006
4263
4747
7505
4134
6784
2611
982
5256
1152
4360
1826
7512
4482
7201
9293
9086
7228
7206
2806
7062
6302
7696
6949
8052
4807
3698
7423
8742
6766
1490
5587
2578
7445
5077
8464
8448
4880
3943
6751
8085
8405
6207
9164
1041
6639
3424
302
6196
6994
3416
5895
6309
9183
8973
3367
3284
4002
2989
6941
3844
1385
4387
8083
8638
6797
4820
1726
6709
5640
4230
7669
7277
9458
5700
1267
992
4530
894
5544
4178
5725
7822
8308
1357
2797
8949
4843
5545
4475
1020
8049
2222
6489
4492
9047
2216
558
1720
1538
8850
471
598
2505
1051
1424
8229
2511
6164
9111
290
4261
3169
8960
1352
1716
7679
7208
8233
3887
7051
9010
2694
5738
1441
7559
3980
3902
6497
9074
367
2458
9572
3531
9502
7831
2091
4718
1389
572
8539
4969
3662
8536
2326
5929
7687
4005
3349
8925
2649
5340
6728
1946
2905
9434
5147
3087
5852
864
5449
9475
4050
8701
4633
1584
2805
2639
8186
332
3091
885
3108
4812
2095
4663
5334
6738
4242
5810
1275
7964
6828
5120
625
6663
3699
617
5887
6101
7518
7748
6713
3014
4778
5369
3181
8274
9410
7273
2022
3296
817
2522
6202
3999
5837
1891
8260
1840
3213
4552
4690
299
6635
3452
9148
2871
8652
5945
4819
5546
8617
4450
9432
6967
2362
4110
9533
7792
1626
1751
9214
3359
5864
7930
7872
4821
3143
1204
8538
8022
2646
7305
2179
7196
5739
1085
2769
6306
3915
3436
5361
3188
3752
1407
8064
3813
7101
3017
6255
4249
9036
2158
8175
2386
6607
2353
5695
3323
8901
468
3949
9606
4434
6974
5114
3358
6642
4163
8557
1100
2842
8021
4577
3776
8361
7249
8245
4960
3681
7506
4758
3346
7943
6565
5531
4594
1945
6358
321
2456
6443
2622
6338
5894
3187
3410
9067
5224
6992
5892
4801
467
6720
327
2026
5532
8746
3302
8511
9542
7886
1566
1343
8189
3482
8074
2746
1921
6832
600
6633
4672
5115
4472
6125
7511
6782
5897
335
1596
4662
3518
3799
5709
7521
1768
5226
5129
827
3896
254
952
4097
7614
7266
4023
3647
7257
6142
8503
7514
7044
6334
3655
6492
890
2903
6754
8031
1214
2107
5664
4591
3102
8705
3872
8157
1873
5862
1957
3352
5218
8555
6591
4226
6742
7568
4840
9201
6118
5130
1838
7374
4340
7172
5132
8665
1023
3721
1172
2517
2889
1208
6586
4205
4404
6932
6646
3869
7615
7303
7550
6307
1034
4439
6315
2003
330
6472
9561
5204
5236
1903
5676
1220
1634
1363
7065
8608
5061
1042
4686
2371
9555
7369
5080
1404
3706
5884
9217
4605
7611
4124
4550
9020
3195
3151
5418
1482
1340
8117
964
3578
8650
6804
6185
9593
7075
5336
7056
3713
5005
4476
610
2974
4941
4571
1425
8103
678
8990
3620
510
3083
3506
3807
8261
2280
6944
9023
6016
7796
1796
1089
6735
7353
1656
7776
2208
3917
6161
4703
7969
3731
2913
4207
7337
1605
515
7096
4364
8982
3310
706
2139
7063
8110
1423
956
5815
8046
5268
3610
1730
4985
1114
3637
8683
3942
5092
3260
1244
4567
2416
7426
7740
752
4177
1013
8447
4834
3754
1760
594
7327
8202
4093
5714
4583
1530
851
8183
9024
4805
3095
3256
4982
893
993
2689
3843
805
2256
8961
6192
1822
4330
4671
3767
5051
3962
2111
7438
1139
413
7067
2697
6372
8179
1342
3696
4191
1498
6105
8038
2512
2664
5911
5144
6752
1320
1420
6834
6802
1853
4549
1421
2185
5954
828
2468
2429
5434
3309
3612
4512
1587
9435
6301
9466
8884
839
2285
1075
3726
4062
5019
1128
1284
874
1899
5543
1691
946
5435
8329
5353
7240
4120
4223
6251
9114
8392
7577
770
7955
5772
7373
6554
7359
2740
8111
2541
4599
6218
8063
4883
9599
4448
390
4951
7732
3805
6377
5660
1833
4936
4481
4160
5823
7194
5151
1431
9535
9303
5969
6770
802
2082
2259
7697
7682
1415
9428
6154
5716
4544
4875
1510
2785
6299
7200
2313
9527
1692
5626
9309
9089
7230
3277
2400
7745
6238
5827
9414
6526
3001
5723
3639
4048
4999
1841
4154
9166
1239
3749
9161
4022
5985
6970
4085
3375
5099
1755
2827
6630
963
5395
8495
4845
1278
6017
7741
5896
2015
8908
3673
2630
5849
6123
1007
4457
6758
6522
3779
5539
391
8403
5209
8199
4910
4507
8086
7123
1664
1190
2609
2183
5682
7408
6548
1920
1321
3287
8302
8668
1216
3285
3774
3061
8530
6173
1324
5527
9327
8346
6381
8672
6593
8666
6619
8498
2198
501
2159
8195
3828
6865
4953
5566
1679
1952
3611
4602
7187
6051
977
3900
7441
2586
2733
2127
7110
4916
2752
7376
9499
5984
7129
3814
294
4676
850
5036
3745
1800
9604
7250
5202
6455
5109
7310
7712
8754
258
6452
2178
4545
7073
4561
1708
5677
6654
6926
1836
9515
3884
2274
646
3918
6281
3785
1259
379
7777
4627
3822
9175
7826
4797
3826
5662
4632
7569
8016
7700
7818
2401
8146
7000
1697
8726
7937
5865
8442
3196
7794
8906
5549
4865
7465
5820
8609
5407
2171
2121
3503
7616
8837
1924
3212
6869
4040
2987
6200
4059
6370
676
9438
8415
5180
8639
7968
9442
2389
2839
3041
4838
3674
1753
8381
4410
2218
2715
3379
945
9605
4309
3392
1951
8744
1203
1915
4170
7345
4235
2109
2945
9453
8717
921
5346
8983
8344
1227
1780
8602
2012
3492
4814
7385
2446
6201
4624
3910
5488
6235
6532
2151
2904
5854
5634
3007
8070
2741
5429
3099
7324
4679
2676
7119
3848
7304
7551
387
3111
5182
2706
6855
7878
8068
3105
8866
2967
8622
5464
6899
4498
7377
8904
3380
8494
3705
6972
2559
3920
5688
8595
4825
793
3916
7799
5250
8634
4595
7838
6252
2230
1620
7709
2156
374
6864
7815
1544
3727
1632
1210
2975
318
8752
7136
7534
5456
8026
4996
6187
5379
9044
647
7823
7789
293
3790
3739
3971
3750
7832
2659
5160
3562
4109
8673
2969
4071
7918
4196
5064
4055
1666
9477
5076
6632
2557
7185
6047
1910
5915
8761
5672
8872
3832
9077
9304
7215
2582
351
3968
4046
3923
7847
3371
5341
3592
5953
970
7448
1974
3488
6496
6530
9576
7650
7061
5017
734
7217
6471
3893
2053
1563
2501
3633
8010
1219
3625
3616
3160
5816
1827
3819
3634
626
9078
6019
5795
4349
4125
470
4112
2632
7214
7549
5408
4129
3134
6378
8253
8227
7574
8132
7666
9513
9443
8542
8390
2768
1057
4553
5524
634
8204
5740
8332
8603
2995
7904
8406
5916
8844
4722
1016
3730
2703
2509
7234
6640
3458
4585
3816
5734
3679
6913
954
3128
2440
7721
6461
6226
2267
3129
3109
2181
4541
6851
3604
2398
7842
6064
5647
6032
2837
5105
1409
1427
4266
686
3126
1658
8702
303
6262
3821
5329
3573
974
1406
1849
7321
3110
4187
1149
6985
3597
7933
7718
5574
7760
1993
6457
7801
5651
3341
8001
8675
6981
6278
3864
6263
1513
8223
7437
1871
9595
6911
1286
1529
1153
3354
8463
3063
8526
3067
6153
4890
3685
1744
4383
4940
8739
5683
2036
8881
2789
4224
2490
892
5015
7945
1083
6615
8483
7690
1675
8831
8758
5630
503
5060
1154
3512
3185
7834
6702
3613
1356
7906
3152
2923
9522
7770
5045
2537
3742
5380
1893
8550
962
3867
3194
2177
8153
2899
5589
3356
3234
6384
934
8932
1690
1556
5193
3026
6490
4053
7485
8461
2560
1135
5926
4646
6848
7862
7315
3480
2565
8940
2076
9064
7248
2525
1234
6806
6469
6833
9182
2422
5850
6371
6519
9291
5220
3614
4694
7555
2247
7947
5523
4456
9026
2571
7116
6712
2883
5617
1488
6821
3593
8699
5963
3189
4543
2612
5832
3913
4006
6997
4848
4971
3605
1066
2858
358
6695
8343
2442
7992
6319
6080
1168
2958
8820
4501
1260
8396
3121
8493
8645
6459
5867
3158
6065
7155
4835
4372
8687
9575
1624
7880
4817
9601
4799
939
5373
7846
5148
8760
4253
5905
5778
3995
4603
1446
5670
2863
9016
1430
8737
4659
4657
2616
1241
8349
9219
3217
6870
7134
102
6392
8521
6466
4593
7260
3037
4336
8185
7414
4651
1677
6810
1901
5314
2328
6550
6973
3976
3258
7892
6198
1758
5234
1442
5281
365
5026
8481
704
2692
2775
3172
1559
5313
8148
8921
618
7443
8714
3542
5955
1851
2046
3325
4726
3388
6464
1972
3368
1539
3528
5258
1736
9546
3722
5639
1625
6205
6730
7188
6103
2460
5541
7978
7088
7651
5343
4192
1037
1300
2407
2640
394
272
2564
3486
1437
4695
7837
8331
5169
2414
6650
6710
8197
7665
2595
6175
4684
3402
2846
6071
2438
2809
2758
9195
8423
7013
7544
6274
8164
4344
4664
1612
4701
5741
8833
9091
7334
6043
1366
8088
2423
7644
4704
5168
4765
6276
2783
2981
7040
6049
5253
6819
1235
282
3466
4175
8472
3775
6360
2394
7121
6559
6479
2657
6809
8896
1258
7781
3149
2984
6846
8441
5066
914
1150
2993
2992
1119
4575
5351
5367
6705
8210
9582
331
1578
3204
8317
913
599
2655
7072
6951
2146
6376
7034
8927
4682
1486
7036
4357
6321
4962
7140
8273
3777
4144
4248
4739
4557
4128
7503
6491
8593
1617
8313
8286
5356
2734
1314
2265
9285
749
2307
6042
8740
5198
1843
1058
8945
9580
7673
7814
1213
6340
7752
4619
7113
1803
1505
5659
8162
4966
6312
5111
640
8039
1053
6241
2917
2774
1813
9512
1648
4167
5744
8235
9097
2189
6027
5774
8900
7246
8695
6348
5085
4386
1435
1769
6350
7425
6841
6588
8824
4398
4485
6438
4522
2430
1405
4210
8116
1231
4873
2849
1276
3594
4867
6330
5409
9192
7902
1439
4749
1388
9299
2976
2687
3264
6858
6823
6520
5097
2361
1195
7843
3227
1174
4670
101
6826
2170
4214
1575
5579
5879
2415
9115
8003
7817
3833
5167
7979
7509
7378
5470
4217
4041
674
6788
401
1492
3878
2191
2043
2061
7139
6244
8045
9539
3711
2613
8071
3649
1094
8136
8517
4436
9460
1948
1110
7080
1743
9554
5888
3118
4486
3640
3113
5318
6270
2848
7340
6958
6361
4247
2663
7728
2324
2119
1814
9184
8151
7168
7493
9168
1027
4600
4126
7689
8379
4412
7309
7481
9052
7380
2880
635
2893
7360
8984
4380
7333
7953
2252
4469
8972
5254
4661
620
3257
8858
2029
6915
6034
4467
4523
9200
1377
2383
1638
6605
783
7365
8130
3586
2651
1071
3973
2708
2330
4428
5365
1739
9457
3313
4287
3927
1980
8642
3043
6895
6106
3806
7440
284
2368
9520
3560
4389
7454
6553
6353
8955
7058
1019
7166
1773
2350
2478
5460
5161
9283
1801
8306
7167
2635
2480
3508
2869
9034
5537
7547
6304
4311
4655
5214
3103
4011
3369
8316
5971
1499
5891
5941
9541
1040
4359
8822
403
1597
654
3280
1643
7941
6287
6203
2744
4631
6166
6206
8947
2648
7640
3657
3648
2713
3760
7107
5032
2550
7308
1855
5913
7856
8915
3990
2548
959
3628
4275
4381
4563
3932
3877
8496
4869
3736
8959
9495
5693
8510
2363
4964
2355
9570
4716
2960
3008
957
1065
4290
1795
4905
8090
5245
6533
7747
999
1536
4991
707
9406
5675
4365
5957
3937
6162
2810
4970
7498
5554
2014
1236
2621
5153
6755
2161
4728
3691
6914
1651
8725
5615
3803
3729
6345
4891
4850
845
6679
6549
5240
9190
6168
7634
7836
4973
6347
5188
1069
9543
7628
4418
7229
1043
2240
7098
602
3863
4493
8899
697
6798
3939
5747
3989
3271
4471
4990
6556
2112
8047
3856
1032
1591
1988
397
2569
8924
7876
2934
3165
9329
8327
7085
6190
7401
5330
9043
6969
6515
7275
3241
3748
9486
1819
2973
5058
5966
8631
2573
8750
889
5548
4886
4855
3545
9171
7800
6448
3724
9101
3718
6073
4131
8434
1746
5331
4861
8914
9553
6950
2174
5332
8615
8749
4810
3208
4211
3875
5625
6380
5410
5149
3567
1237
8865
9150
6025
8421
8040
2019
7078
7766
8093
8192
603
383
8398
3418
4604
3484
7523
8855
3982
771
3782
5462
8828
4823
7966
3089
1582
2847
9300
8877
6111
1763
5542
319
5033
4180
6247
4488
6681
3228
7007
7725
5745
4908
8275
2739
3293
8169
2779
9325
9081
3205
8369
6432
4596
4927
4942
4981
5925
2941
6957
4497
1817
2192
8341
2269
9419
2500
7562
1633
7317
4932
6964
1958
2812
5150
1973
2832
4539
2141
337
5809
4656
6099
1689
7536
8165
7754
6369
1699
2966
7719
5029
5975
4505
4770
8491
7850
6859
9032
5533
4601
5711
6265
2337
990
4409
5825
905
4088
5525
4822
3598
8094
5824
8256
973
1379
1532
1925
1895
3324
8696
1448
8829
3708
1290
8298
6050
1070
7405
997
6386
1029
6150
6842
3183
3166
9057
3638
1211
3911
2875
4227
7330
1294
274
1304
5633
1590
801
1904
7024
8629
6734
1302
8842
3006
6761
4001
2002
2589
4871
8430
5588
3270
8347
8417
6152
3888
1288
2070
6195
8920
6451
3376
3547
6169
1076
1093
6008
968
7076
6138
8290
1659
326
8677
4183
8708
3120
371
4833
6558
6057
6356
5645
3663
6341
6741
8713
7092
9563
1450
6740
5637
9521
2637
7311
5155
2997
2787
8422
7699
2033
5264
8180
8053
3532
7676
8934
8355
8380
3565
7261
6087
3022
3510
648
4678
923
4944
3540
4297
530
8514
6571
7004
1715
8524
3221
9098
6107
7494
4788
4035
3858
4617
9180
4827
7227
3984
8394
5642
2850